---
0,1573.000000,667.754191
1,3769.000000,226.398864
2,1099.000000,782.820173
3,583.000000,899.896431
4,8551.000000,-638.426988
5,829.000000,858.852082
6,2073.000000,601.654678
7,1188.000000,768.303948
8,1107.000000,796.810438
9,642.000000,894.383451
10,1162.000000,788.300162
11,504.000000,897.419145
12,644.000000,873.394267
13,1904.000000,648.175230
14,566.000000,892.405084
15,1005.000000,806.832612
16,2863.000000,460.517307
17,1664.000000,703.210384
18,325.000000,945.941320
19,877.000000,828.855327
20,755.000000,873.863981
21,172.000000,969.469984
22,1139.000000,798.800703
23,185.000000,966.967820
24,387.000000,927.934289
25,776.000000,856.367766
26,122.000000,979.478096
27,448.000000,911.426717
28,390.000000,928.433207
29,150.000000,971.474851
30,245.000000,961.954300
31,284.000000,945.452677
32,206.000000,960.465657
33,3061.000000,441.474040
34,526.000000,907.407788
35,2054.000000,627.146025
36,388.000000,929.433207
37,255.000000,961.951595
38,192.000000,966.466198
39,138.000000,976.475392
40,223.000000,961.960249
41,116.000000,978.480260
42,142.000000,972.476474
43,854.000000,843.353705
44,1498.000000,706.253651
45,436.000000,926.421850
46,342.000000,940.439697
47,199.000000,967.963494
48,1882.000000,646.182261
49,261.000000,958.951595
50,526.000000,907.407788
51,326.000000,941.443483
52,227.000000,957.961330
53,640.000000,891.385614
54,774.000000,844.374797
55,173.000000,967.970525
56,410.000000,921.431585
57,233.000000,954.961330
58,206.000000,960.465657
59,1188.000000,778.298540
60,346.000000,937.440238
61,616.000000,891.392104
62,298.000000,945.448891
63,186.000000,966.467820
64,1148.000000,785.305571
65,180.000000,973.465657
66,310.000000,944.446187
67,254.000000,956.454840
68,162.000000,972.471065
69,252.000000,962.452136
70,165.000000,971.970525
71,127.000000,973.979719
72,144.000000,974.474851
73,174.000000,962.473229
74,223.000000,960.960790
75,446.000000,910.427799
76,140.000000,977.474310
77,365.000000,935.935911
78,324.000000,939.445105
79,407.000000,924.930503
80,212.000000,964.461871
81,280.000000,951.450514
82,165.000000,971.970525
83,233.000000,956.960249
84,174.000000,964.472147
85,152.000000,973.473229
86,186.000000,964.468902
87,86.000000,990.481882
88,122.000000,984.475392
89,204.000000,965.463494
90,243.000000,963.953759
91,211.000000,963.962412
92,152.000000,972.473770
93,147.000000,975.973229
94,259.000000,948.957545
95,249.000000,957.955381
96,179.000000,966.969443
97,221.000000,959.961871
98,197.000000,960.967820
99,168.000000,972.469443
100,248.000000,955.457004
101,247.000000,948.960790
102,171.000000,965.972147
103,161.000000,971.971606
104,119.000000,979.978637
105,333.000000,942.940779
106,259.000000,954.954300
107,253.000000,952.957004
108,194.000000,970.463494
109,169.000000,971.969443
110,220.000000,956.464035
111,180.000000,964.470525
112,230.000000,956.461330
113,124.000000,978.478096
114,179.000000,969.967820
115,248.000000,953.458085
116,293.000000,935.955381
117,123.000000,977.978637
118,238.000000,956.459167
119,229.000000,959.959708
120,116.000000,979.479719
121,200.000000,967.463494
122,200.000000,973.460249
123,109.000000,980.980800
124,287.000000,947.950514
125,142.000000,976.474310
126,241.000000,955.958626
127,124.000000,980.477015
128,221.000000,955.964035
129,197.000000,969.962953
130,120.000000,974.481341
131,255.000000,956.954300
132,223.000000,955.963494
133,237.000000,959.957545
134,234.000000,959.458626
135,153.000000,975.971606
136,184.000000,962.470525
137,258.000000,945.459708
138,236.000000,956.459708
139,201.000000,964.964575
140,174.000000,970.468902
141,202.000000,955.469443
142,299.000000,942.949973
143,196.000000,967.464575
144,248.000000,961.453759
145,147.000000,976.972688
146,293.000000,945.949973
147,167.000000,966.972688
148,193.000000,964.966739
149,171.000000,969.969984
150,100.000000,982.482423
151,129.000000,974.978637
152,188.000000,965.467820
153,157.000000,966.975392
154,264.000000,948.456463
155,300.000000,946.447810
156,267.000000,954.952136
157,153.000000,971.973770
158,202.000000,961.466198
159,149.000000,977.971606
160,203.000000,965.963494
161,194.000000,964.466739
162,184.000000,971.465657
163,150.000000,974.473229
164,110.000000,976.482964
165,147.000000,973.974310
166,174.000000,971.468361
167,178.000000,971.467280
168,292.000000,949.448350
169,285.000000,952.948350
170,170.000000,970.469984
171,1526.000000,718.239589
172,224.000000,958.461871
173,141.000000,971.977015
174,235.000000,962.956463
175,130.000000,981.474851
176,209.000000,958.965657
177,204.000000,958.467280
178,201.000000,963.965116
179,137.000000,977.974851
180,148.000000,970.475933
181,200.000000,961.466739
182,211.000000,957.965657
183,212.000000,965.461330
184,242.000000,961.455381
185,243.000000,956.957545
186,145.000000,973.974851
187,161.000000,973.970525
188,254.000000,950.458085
189,231.000000,962.957545
190,168.000000,970.470525
191,187.000000,971.964575
192,194.000000,967.465116
193,143.000000,975.974310
194,170.000000,970.469984
195,133.000000,974.977555
196,176.000000,970.468361
197,171.000000,969.969984
198,197.000000,969.962953
199,211.000000,959.964575
200,112.000000,982.479178
201,187.000000,966.967280
202,182.000000,968.467820
203,295.000000,941.951595
204,139.000000,979.973229
205,141.000000,976.974310
206,492.000000,919.410492
207,191.000000,966.966198
208,171.000000,970.969443
209,269.000000,944.957004
210,205.000000,971.959708
211,207.000000,961.964575
212,235.000000,960.957545
213,274.000000,946.454840
214,172.000000,963.473229
215,148.000000,970.475933
216,118.000000,978.479719
217,344.000000,942.438075
218,155.000000,975.971065
219,123.000000,981.976474
220,110.000000,979.481341
221,201.000000,964.964575
222,121.000000,980.977555
223,179.000000,967.968902
224,192.000000,967.465657
225,237.000000,958.958085
226,147.000000,967.977555
227,266.000000,960.449432
228,214.000000,962.462412
229,214.000000,959.464035
230,201.000000,963.965116
231,173.000000,972.967820
232,151.000000,975.972147
233,205.000000,962.964575
234,134.000000,974.477555
235,322.000000,938.446187
236,109.000000,981.980260
237,99.000000,986.980260
238,125.000000,980.976474
239,208.000000,961.464575
240,192.000000,967.465657
241,320.000000,940.445646
242,239.000000,958.957545
243,235.000000,952.961871
244,184.000000,964.469443
245,181.000000,969.967280
246,268.000000,955.451595
247,186.000000,964.468902
248,158.000000,967.474851
249,203.000000,958.967280
250,136.000000,970.479178
251,269.000000,951.953218
252,233.000000,959.958626
253,198.000000,964.465657
254,186.000000,962.469984
255,321.000000,939.945646
256,267.000000,947.955922
257,192.000000,971.463494
258,278.000000,950.451595
259,226.000000,958.461330
260,178.000000,963.471606
261,183.000000,969.966739
262,162.000000,968.473229
263,171.000000,969.969984
264,366.000000,928.439697
265,224.000000,955.463494
266,185.000000,964.968902
267,145.000000,976.973229
268,184.000000,965.468902
269,151.000000,980.969443
270,127.000000,973.979719
271,299.000000,951.945105
272,129.000000,983.973770
273,224.000000,959.461330
274,134.000000,979.474851
275,193.000000,965.966198
276,209.000000,965.961871
277,189.000000,966.966739
278,293.000000,941.952136
279,199.000000,967.963494
280,379.000000,934.932666
281,194.000000,966.465657
282,194.000000,969.464035
283,223.000000,955.963494
284,155.000000,971.973229
285,226.000000,956.462412
286,144.000000,968.478096
287,202.000000,966.463494
288,206.000000,959.466198
289,140.000000,974.475933
290,173.000000,974.966739
291,183.000000,963.969984
292,320.000000,939.446187
293,202.000000,963.465116
294,159.000000,971.972147
295,257.000000,955.954300
296,171.000000,968.970525
297,238.000000,959.457545
298,145.000000,971.975933
299,200.000000,966.464035
300,161.000000,968.973229
---
0,9999.000000,-2236.566793,stopped
1,473.000000,899.423472
2,1492.000000,716.746079
3,4736.000000,66.210384
4,1956.000000,626.672796
5,1236.000000,730.801785
6,1842.000000,635.690914
7,6466.000000,-306.074094
8,119.000000,972.482693
9,743.000000,839.379124
10,2673.000000,476.060032
11,159.000000,968.474040
12,993.000000,814.331801
13,2793.000000,471.030557
14,99.000000,976.485668
15,660.000000,880.885884
16,803.000000,822.371823
17,441.000000,930.418334
18,102.000000,978.983775
19,104.000000,974.985398
20,94.000000,984.982693
21,64.000000,990.987561
22,88.000000,985.983775
23,351.000000,926.444835
24,2122.000000,601.641157
25,138.000000,972.977285
26,78.000000,984.987020
27,92.000000,977.986479
28,343.000000,940.439427
29,185.000000,971.465387
30,57.000000,989.490265
31,110.000000,987.976744
32,80.000000,982.987561
33,127.000000,980.476203
34,82.000000,989.983234
35,199.000000,964.465387
36,106.000000,981.981071
37,131.000000,976.477285
38,173.000000,969.469713
39,100.000000,985.980530
40,92.000000,980.985398
41,81.000000,985.485938
42,397.000000,918.436723
43,131.000000,975.477826
44,58.000000,991.988643
45,96.000000,986.981071
46,110.000000,978.981612
47,182.000000,968.967550
48,47.000000,993.490806
49,59.000000,986.491347
50,84.000000,984.985127
51,61.000000,987.490265
52,140.000000,974.975663
53,280.000000,953.949162
54,104.000000,981.981612
55,108.000000,983.979448
56,61.000000,989.489183
57,128.000000,973.979448
58,154.000000,973.972418
59,180.000000,963.970795
60,287.000000,948.450243
61,154.000000,965.976744
62,79.000000,985.486479
63,179.000000,965.468902
64,82.000000,986.984857
65,133.000000,976.476744
66,95.000000,983.483234
67,101.000000,982.482153
68,163.000000,972.470795
69,109.000000,980.481071
70,119.000000,977.479989
71,85.000000,986.484316
72,107.000000,977.483234
73,84.000000,984.985398
74,96.000000,983.982693
75,113.000000,982.478908
76,79.000000,985.486479
77,99.000000,983.481882
78,75.000000,986.487020
79,74.000000,990.984857
80,230.000000,958.959978
81,38.000000,992.993510
82,86.000000,985.984316
83,126.000000,976.978367
84,53.000000,990.490806
85,132.000000,974.977826
86,80.000000,989.983775
87,103.000000,980.482693
88,93.000000,985.482693
89,105.000000,981.481612
90,126.000000,976.978367
91,169.000000,967.471606
92,108.000000,983.979448
93,162.000000,970.971877
94,1790.000000,658.698486
95,127.000000,975.478908
96,55.000000,990.490265
97,133.000000,980.474581
98,194.000000,963.967009
99,85.000000,981.487020
100,166.000000,966.972958
101,78.000000,982.988102
102,101.000000,979.483775
103,102.000000,984.980530
104,75.000000,989.485398
105,210.000000,960.964305
106,73.000000,987.487020
107,165.000000,970.471336
108,52.000000,991.990265
109,77.000000,986.486479
110,79.000000,986.485938
111,55.000000,989.490806
112,74.000000,985.987561
113,181.000000,964.470254
114,628.000000,878.893997
115,85.000000,986.484316
116,47.000000,993.490806
117,90.000000,978.987020
118,106.000000,983.979989
119,86.000000,983.985398
120,65.000000,987.489183
121,458.000000,916.921038
122,81.000000,987.484857
123,112.000000,974.983234
124,75.000000,989.485398
125,59.000000,989.489724
126,53.000000,990.490806
127,62.000000,989.988643
128,64.000000,988.988643
129,125.000000,975.479448
130,81.000000,987.484857
131,73.000000,985.488102
132,130.000000,981.974581
133,43.000000,992.492428
134,80.000000,982.987561
135,65.000000,989.488102
136,142.000000,977.973499
137,148.000000,971.975122
138,214.000000,958.964305
139,54.000000,990.990265
140,126.000000,974.979448
141,154.000000,975.971336
142,51.000000,991.490806
143,144.000000,975.973499
144,112.000000,976.982153
145,126.000000,984.974040
146,92.000000,985.982693
147,111.000000,983.478908
148,51.000000,990.491347
149,81.000000,980.488643
150,101.000000,986.479989
151,60.000000,986.990806
152,74.000000,987.986479
153,346.000000,905.949973
154,168.000000,975.967550
155,69.000000,991.485938
156,101.000000,982.482153
157,222.000000,956.962142
158,73.000000,980.490806
159,149.000000,972.474581
160,206.000000,968.961060
161,144.000000,973.975122
162,103.000000,981.482153
163,61.000000,993.487020
164,76.000000,990.984316
165,102.000000,980.982693
166,103.000000,980.482693
167,139.000000,972.477285
168,56.000000,990.989724
169,131.000000,976.477285
170,166.000000,969.971336
171,98.000000,985.981071
172,129.000000,972.479989
173,176.000000,974.965928
174,73.000000,985.488102
175,97.000000,987.480530
176,149.000000,977.471877
177,65.000000,989.488102
178,69.000000,986.488643
179,125.000000,973.480530
180,187.000000,965.468091
181,93.000000,983.483775
182,153.000000,976.471336
183,114.000000,976.981612
184,61.000000,990.488643
185,169.000000,971.469713
186,170.000000,968.970795
187,113.000000,978.481071
188,85.000000,985.484857
189,183.000000,956.471606
190,106.000000,975.982964
191,146.000000,975.973499
192,55.000000,992.489183
193,65.000000,986.489724
194,375.000000,942.429692
195,85.000000,984.485398
196,103.000000,978.483775
197,147.000000,978.471877
198,85.000000,983.485938
199,43.000000,993.491888
200,94.000000,986.981612
201,96.000000,986.981071
202,179.000000,966.469713
203,75.000000,987.486479
204,96.000000,979.984857
205,124.000000,974.978908
206,122.000000,973.981071
207,254.000000,953.956193
208,72.000000,985.988102
209,77.000000,987.485938
210,134.000000,975.976744
211,133.000000,978.475663
212,185.000000,967.467550
213,118.000000,978.979448
214,136.000000,977.975122
215,72.000000,981.990265
216,148.000000,970.975663
217,214.000000,957.964846
218,384.000000,916.940779
219,73.000000,987.487020
220,54.000000,992.989183
221,184.000000,967.967550
222,58.000000,991.988643
223,128.000000,975.978367
224,134.000000,977.975663
225,283.000000,957.446458
226,108.000000,983.979448
227,115.000000,980.479448
228,111.000000,980.480530
229,129.000000,980.475663
230,80.000000,989.983775
231,68.000000,990.986479
232,97.000000,978.485398
233,219.000000,957.463764
234,110.000000,978.981612
235,81.000000,984.486479
236,95.000000,985.482153
237,93.000000,983.483775
238,93.000000,978.486479
239,60.000000,988.989724
240,109.000000,982.479989
241,144.000000,970.976744
242,120.000000,975.980530
243,77.000000,988.485398
244,62.000000,993.986479
245,67.000000,989.487561
246,80.000000,989.983775
247,67.000000,988.488102
248,83.000000,985.485398
249,54.000000,988.991347
250,147.000000,971.475663
251,147.000000,976.472958
252,3725.000000,155.908870
253,174.000000,972.967550
254,52.000000,987.992428
255,160.000000,965.975122
256,172.000000,972.968091
257,79.000000,983.487561
258,188.000000,975.962142
259,136.000000,974.976744
260,56.000000,990.989724
261,109.000000,977.482693
262,118.000000,979.978908
263,215.000000,965.460519
264,159.000000,973.471336
265,198.000000,965.964035
266,80.000000,988.984316
267,185.000000,969.466468
268,108.000000,984.978908
269,61.000000,989.489183
270,81.000000,984.486479
271,129.000000,978.476744
272,136.000000,969.977285
273,117.000000,983.477285
274,191.000000,965.466739
275,242.000000,957.957274
276,184.000000,969.966468
277,144.000000,972.975663
278,98.000000,983.982153
279,192.000000,966.965928
280,126.000000,974.979448
281,102.000000,979.983234
282,403.000000,920.434018
283,138.000000,977.974581
284,122.000000,980.977285
285,82.000000,984.985938
286,146.000000,975.973499
287,107.000000,979.482153
288,78.000000,982.988102
289,94.000000,980.984857
290,98.000000,980.983775
291,179.000000,971.467009
292,183.000000,961.471336
293,117.000000,980.478908
294,181.000000,967.468632
295,112.000000,975.981341
296,266.000000,945.956733
297,64.000000,987.989183
298,176.000000,971.967550
299,80.000000,988.984316
300,296.000000,922.957545
---
0,7080.000000,-786.057599
1,2050.000000,544.684154
2,979.000000,807.339373
3,3722.000000,261.379935
4,284.000000,946.951866
5,149.000000,967.477285
6,68.000000,987.988102
7,4017.000000,88.861006
8,2290.000000,454.646025
9,401.000000,923.432937
10,279.000000,943.455111
11,185.000000,969.466468
12,162.000000,970.971877
13,112.000000,973.983775
14,87.000000,983.485398
15,74.000000,987.986479
16,99.000000,978.484857
17,140.000000,969.978367
18,1071.000000,771.326393
19,53.000000,991.490265
20,197.000000,963.466468
21,182.000000,962.970795
22,47.000000,989.492969
23,74.000000,983.988643
24,56.000000,986.991888
25,54.000000,991.989724
26,61.000000,986.490806
27,66.000000,988.988102
28,158.000000,974.970795
29,58.000000,990.989183
30,50.000000,992.990265
31,50.000000,989.991888
32,80.000000,984.986479
33,45.000000,992.491888
34,265.000000,954.452948
35,141.000000,972.476744
36,42.000000,990.993510
37,109.000000,980.481071
38,94.000000,982.983775
39,63.000000,988.489183
40,126.000000,978.977285
41,71.000000,987.487561
42,69.000000,982.490806
43,83.000000,983.486479
44,69.000000,987.488102
45,151.000000,969.475663
46,82.000000,986.984857
47,33.000000,997.492428
48,90.000000,983.984316
49,126.000000,974.979448
50,30.000000,994.994592
51,54.000000,989.990806
52,48.000000,987.993510
53,54.000000,991.989724
54,117.000000,983.477285
55,50.000000,993.989724
56,87.000000,982.485938
57,81.000000,985.485938
58,2072.000000,533.672255
59,59.000000,987.490806
60,82.000000,985.985398
61,38.000000,994.992428
62,110.000000,975.983234
63,182.000000,966.968632
64,97.000000,982.483234
65,116.000000,980.978908
66,122.000000,978.978367
67,201.000000,965.464305
68,126.000000,973.979989
69,90.000000,983.984316
70,189.000000,964.468091
71,77.000000,988.485398
72,121.000000,977.479448
73,54.000000,988.991347
74,35.000000,994.493510
75,35.000000,997.491888
76,52.000000,991.990265
77,138.000000,976.975122
78,28.000000,996.994051
79,38.000000,993.992969
80,121.000000,978.478908
81,157.000000,967.475122
82,38.000000,993.992969
83,55.000000,988.491347
84,72.000000,987.987020
85,34.000000,994.993510
86,31.000000,996.493510
87,74.000000,988.985938
88,47.000000,987.494051
89,99.000000,978.484857
90,127.000000,978.477285
91,32.000000,995.993510
92,51.000000,989.491888
93,43.000000,996.490265
94,43.000000,992.492428
95,103.000000,978.483775
96,72.000000,984.988643
97,128.000000,978.976744
98,86.000000,985.984316
99,91.000000,981.485398
100,298.000000,953.944294
101,63.000000,991.487561
102,64.000000,989.988102
103,57.000000,993.488102
104,55.000000,985.492969
105,131.000000,974.478367
106,63.000000,989.488643
107,46.000000,988.993510
108,80.000000,985.985938
109,47.000000,992.491347
110,95.000000,984.482693
111,63.000000,989.488643
112,78.000000,987.985398
113,1709.000000,641.216333
114,58.000000,989.989724
115,53.000000,994.488643
116,369.000000,935.435100
117,80.000000,988.984316
118,71.000000,988.487020
119,61.000000,987.490265
120,149.000000,969.476203
121,85.000000,981.487020
122,54.000000,988.991347
123,130.000000,976.977285
124,119.000000,979.478908
125,62.000000,989.988643
126,77.000000,984.487561
127,71.000000,985.488643
128,114.000000,975.982153
129,157.000000,974.471336
130,79.000000,981.488643
131,126.000000,973.979989
132,124.000000,976.978908
133,52.000000,992.989724
134,86.000000,979.987561
135,40.000000,989.994592
136,92.000000,985.982693
137,196.000000,962.967009
138,52.000000,988.991888
139,161.000000,971.471877
140,60.000000,990.988643
141,134.000000,977.975663
142,114.000000,975.982153
143,42.000000,992.992428
144,139.000000,970.478367
145,83.000000,983.486479
146,57.000000,989.490265
147,201.000000,961.466468
148,34.000000,996.992428
149,96.000000,980.984316
150,57.000000,990.489724
151,84.000000,983.985938
152,238.000000,951.961601
153,53.000000,990.490806
154,155.000000,965.476744
155,99.000000,984.481612
156,106.000000,979.982153
157,35.000000,993.494051
158,33.000000,994.494051
159,145.000000,972.475663
160,294.000000,951.946458
161,58.000000,989.989724
162,111.000000,980.480530
163,58.000000,992.988102
164,153.000000,975.471877
165,128.000000,977.977285
166,112.000000,972.984316
167,92.000000,978.986479
168,33.000000,994.494051
169,106.000000,975.984316
170,113.000000,978.481071
171,119.000000,974.481612
172,128.000000,976.977826
173,204.000000,962.964846
174,73.000000,986.487561
175,187.000000,966.467550
176,111.000000,979.481071
177,77.000000,985.487020
178,64.000000,985.990265
179,75.000000,981.489724
180,100.000000,983.981612
181,79.000000,986.485938
182,179.000000,973.465928
183,157.000000,971.472958
184,42.000000,990.993510
185,119.000000,974.481612
186,56.000000,990.989724
187,116.000000,981.978367
188,94.000000,983.983234
189,45.000000,994.490806
190,90.000000,986.982693
191,84.000000,983.985938
192,114.000000,980.979448
193,106.000000,979.982153
194,160.000000,973.970795
195,66.000000,988.988102
196,74.000000,984.988102
197,106.000000,981.981071
198,59.000000,988.490265
199,116.000000,977.980530
200,35.000000,994.493510
201,165.000000,968.472418
202,126.000000,978.977285
203,53.000000,990.490806
204,51.000000,988.492428
205,117.000000,978.479989
206,68.000000,987.988102
207,74.000000,984.988102
208,185.000000,958.472418
209,105.000000,980.482153
210,84.000000,984.985398
211,58.000000,987.990806
212,85.000000,981.487020
213,50.000000,994.989183
214,136.000000,975.976203
215,46.000000,994.990265
216,195.000000,961.468091
217,74.000000,988.985938
218,159.000000,970.472958
219,46.000000,991.991888
220,69.000000,985.489183
221,90.000000,983.984316
222,110.000000,982.979448
223,53.000000,989.491347
224,119.000000,978.479448
225,110.000000,979.981071
226,212.000000,957.965387
227,28.000000,995.994592
228,91.000000,984.483775
229,89.000000,984.484316
230,73.000000,988.486479
231,99.000000,977.485398
232,63.000000,992.487020
233,131.000000,979.475663
234,69.000000,989.487020
235,91.000000,981.485398
236,45.000000,989.493510
237,76.000000,983.988102
238,80.000000,982.987561
239,151.000000,976.471877
240,58.000000,989.989724
241,54.000000,990.990265
242,79.000000,987.485398
243,119.000000,979.478908
244,35.000000,995.492969
245,113.000000,983.478367
246,59.000000,991.488643
247,63.000000,987.489724
248,107.000000,981.481071
249,89.000000,984.484316
250,153.000000,965.477285
251,148.000000,978.971336
252,59.000000,993.487561
253,129.000000,974.478908
254,68.000000,985.989183
255,66.000000,985.989724
256,67.000000,986.489183
257,55.000000,992.489183
258,37.000000,994.492969
259,156.000000,972.972418
260,77.000000,984.487561
261,162.000000,970.971877
262,56.000000,990.989724
263,174.000000,966.970795
264,118.000000,977.979989
265,61.000000,989.489183
266,102.000000,981.982153
267,62.000000,989.988643
268,64.000000,988.988643
269,81.000000,982.487561
270,94.000000,982.983775
271,115.000000,975.482153
272,64.000000,991.987020
273,70.000000,988.987020
274,139.000000,973.476744
275,88.000000,983.984857
276,53.000000,990.490806
277,143.000000,975.474581
278,41.000000,994.491888
279,101.000000,979.483775
280,45.000000,996.489724
281,126.000000,982.975122
282,37.000000,993.493510
283,94.000000,979.985398
284,131.000000,981.474581
285,78.000000,986.985938
286,99.000000,980.483775
287,58.000000,985.991888
288,68.000000,984.989724
289,104.000000,980.982153
290,134.000000,977.975663
291,213.000000,960.463764
292,60.000000,988.989724
293,74.000000,990.984857
294,120.000000,979.978367
295,64.000000,988.988643
296,95.000000,979.485398
297,87.000000,984.484857
298,40.000000,991.993510
299,123.000000,978.478367
300,59.000000,991.488643
---
0,2005.000000,591.678475
1,1614.000000,684.234181
2,1391.000000,734.767171
3,168.000000,971.469984
4,9999.000000,-1931.660357,stopped
5,491.000000,909.915900
6,6388.000000,-181.588967
7,988.000000,818.330990
8,193.000000,963.967280
9,1551.000000,716.733640
10,2758.000000,480.035154
11,183.000000,966.968361
12,167.000000,974.968361
13,134.000000,973.478096
14,94.000000,987.481341
15,42.000000,990.493780
16,223.000000,956.962953
17,366.000000,930.438615
18,1771.000000,671.698486
19,482.000000,900.423472
20,109.000000,981.980260
21,432.000000,914.429421
22,177.000000,969.968361
23,124.000000,977.478637
24,81.000000,989.983505
25,2386.000000,591.075717
26,163.000000,965.974310
27,141.000000,973.975933
28,129.000000,980.975392
29,1472.000000,734.245538
30,68.000000,988.487831
31,856.000000,840.354786
32,104.000000,982.481341
33,251.000000,955.955922
34,90.000000,979.486750
35,126.000000,974.479719
36,149.000000,970.975392
37,129.000000,975.978096
38,83.000000,981.987290
39,83.000000,979.988372
40,255.000000,946.959708
41,98.000000,984.481882
42,201.000000,966.963494
43,190.000000,967.466198
44,55.000000,991.989454
45,139.000000,978.973770
46,105.000000,980.981882
47,88.000000,990.481341
48,177.000000,964.971065
49,131.000000,972.979178
50,919.000000,838.838561
51,82.000000,984.486209
52,106.000000,985.479178
53,79.000000,982.987831
54,64.000000,988.488913
55,160.000000,973.471065
56,78.000000,987.485668
57,130.000000,978.476474
58,83.000000,991.981882
59,88.000000,984.484586
60,146.000000,973.474851
61,86.000000,986.484045
62,134.000000,975.477015
63,98.000000,984.481882
64,84.000000,980.487831
65,68.000000,989.487290
66,57.000000,991.988913
67,139.000000,976.974851
68,60.000000,992.487831
69,62.000000,994.486209
70,144.000000,973.475392
71,223.000000,954.964035
72,152.000000,975.472147
73,90.000000,983.484586
74,91.000000,983.984045
75,94.000000,980.485127
76,162.000000,971.471606
77,34.000000,995.493240
78,78.000000,984.487290
79,159.000000,968.973770
80,139.000000,978.973770
81,124.000000,974.480260
82,101.000000,982.981882
83,120.000000,977.479719
84,97.000000,981.983505
85,136.000000,972.478096
86,136.000000,977.475392
87,160.000000,969.473229
88,242.000000,963.454300
89,156.000000,972.472688
90,90.000000,983.484586
91,86.000000,983.485668
92,175.000000,977.964575
93,72.000000,983.489454
94,76.000000,987.486209
95,239.000000,953.960249
96,198.000000,962.466739
97,283.000000,947.951595
98,118.000000,982.477555
99,165.000000,970.971065
100,168.000000,971.469984
101,266.000000,950.454840
102,109.000000,978.981882
103,149.000000,973.973770
104,125.000000,974.979719
105,157.000000,968.974310
106,429.000000,921.926176
107,139.000000,973.976474
108,132.000000,974.478096
109,192.000000,961.468902
110,60.000000,992.487831
111,95.000000,984.982423
112,89.000000,984.984045
113,72.000000,987.487290
114,69.000000,988.987290
115,2580.000000,524.059492
116,176.000000,966.470525
117,312.000000,948.443483
118,239.000000,953.960249
119,335.000000,940.941320
120,155.000000,977.969984
121,94.000000,984.482964
122,106.000000,983.480260
123,120.000000,973.481882
124,77.000000,989.984586
125,146.000000,971.475933
126,117.000000,980.978637
127,47.000000,989.992699
128,41.000000,992.992699
129,112.000000,976.482423
130,83.000000,979.988372
131,126.000000,977.478096
132,131.000000,972.979178
133,129.000000,979.975933
134,168.000000,972.469443
135,174.000000,970.468902
136,97.000000,983.982423
137,1276.000000,767.280692
138,148.000000,976.472688
139,104.000000,978.483505
140,159.000000,974.970525
141,301.000000,949.945646
142,113.000000,981.979178
143,54.000000,995.487831
144,118.000000,979.479178
145,83.000000,987.984045
146,104.000000,982.481341
147,176.000000,963.472147
148,203.000000,966.962953
149,32.000000,995.493780
150,122.000000,977.479178
151,124.000000,969.482964
152,215.000000,956.965116
153,110.000000,982.479719
154,91.000000,983.984045
155,256.000000,954.455381
156,220.000000,955.464575
157,156.000000,969.474310
158,137.000000,973.977015
159,207.000000,961.964575
160,180.000000,967.468902
161,104.000000,983.480800
162,119.000000,976.980260
163,128.000000,978.477015
164,118.000000,977.480260
165,123.000000,974.980260
166,90.000000,982.485127
167,103.000000,983.980800
168,97.000000,985.981341
169,73.000000,984.988372
170,142.000000,971.477015
171,117.000000,980.978637
172,76.000000,982.488913
173,72.000000,986.487831
174,75.000000,987.986209
175,85.000000,987.983505
176,113.000000,978.980800
177,63.000000,985.990535
178,143.000000,976.973770
179,69.000000,987.987831
180,91.000000,981.985127
181,242.000000,957.457545
182,138.000000,981.472688
183,76.000000,984.487831
184,146.000000,975.473770
185,356.000000,940.435911
186,171.000000,968.970525
187,116.000000,978.480260
188,179.000000,959.973229
189,168.000000,973.468902
190,88.000000,985.484045
191,143.000000,970.977015
192,143.000000,976.973770
193,157.000000,978.968902
194,99.000000,983.981882
195,62.000000,987.489995
196,122.000000,979.478096
197,86.000000,985.484586
198,131.000000,979.975392
199,120.000000,975.480800
200,143.000000,974.974851
201,68.000000,990.486750
202,160.000000,970.472688
203,225.000000,953.964035
204,112.000000,978.481341
205,105.000000,978.982964
206,229.000000,958.960249
207,182.000000,964.469984
208,48.000000,992.491076
209,131.000000,973.978637
210,73.000000,985.987831
211,129.000000,975.978096
212,116.000000,985.476474
213,130.000000,973.479178
214,128.000000,977.477555
215,62.000000,989.488913
216,185.000000,963.969443
217,208.000000,964.462953
218,42.000000,994.491617
219,241.000000,956.958085
220,134.000000,977.475933
221,151.000000,972.973770
222,104.000000,985.479719
223,103.000000,982.981341
224,60.000000,991.488372
225,115.000000,980.979178
226,147.000000,976.972688
227,62.000000,987.489995
228,127.000000,983.974310
229,107.000000,980.981341
230,190.000000,968.465657
231,98.000000,979.484586
232,136.000000,973.477555
233,33.000000,996.992699
234,155.000000,968.974851
235,70.000000,987.487831
236,100.000000,979.484045
237,250.000000,955.456463
238,147.000000,973.974310
239,117.000000,974.981882
240,74.000000,987.486750
241,141.000000,974.975392
242,70.000000,989.486750
243,98.000000,981.483505
244,203.000000,962.965116
245,127.000000,977.977555
246,254.000000,954.455922
247,99.000000,980.983505
248,120.000000,981.477555
249,83.000000,986.984586
250,147.000000,973.974310
251,172.000000,971.468902
252,189.000000,962.968902
253,86.000000,985.484586
254,132.000000,975.477555
255,69.000000,986.988372
256,182.000000,966.468902
257,188.000000,968.466198
258,97.000000,982.982964
259,87.000000,986.983505
260,106.000000,982.480800
261,250.000000,953.457545
262,114.000000,983.478096
263,102.000000,978.484045
264,71.000000,988.986750
265,281.000000,959.945646
266,173.000000,977.965116
267,106.000000,981.481341
268,263.000000,943.959167
269,93.000000,983.983505
270,100.000000,987.479719
271,181.000000,966.968902
272,205.000000,961.965116
273,103.000000,982.981341
274,95.000000,981.984045
275,127.000000,972.980260
276,155.000000,969.974310
277,198.000000,964.465657
278,93.000000,983.983505
279,202.000000,960.466739
280,91.000000,980.985668
281,146.000000,972.475392
282,142.000000,971.477015
283,99.000000,982.982423
284,120.000000,978.479178
285,136.000000,974.477015
286,110.000000,982.479719
287,292.000000,948.448891
288,62.000000,988.489454
289,76.000000,985.487290
290,84.000000,983.486209
291,209.000000,960.964575
292,171.000000,970.969443
293,211.000000,958.965116
294,215.000000,958.964035
295,166.000000,970.471065
296,106.000000,980.481882
297,216.000000,964.460790
298,78.000000,986.486209
299,104.000000,981.481882
300,157.000000,972.972147
---